0.01
0.53
1.39
3.485
4.01
6.32
6.87
9.68
9.805
9.82
10.08
10.435
10.605
10.775
10.98
11.17
11.6
11.84
12.02
12.22
12.385
12.785
13.025
13.205
13.415
13.59
13.83
14.01
14.22
14.395
14.635
14.805
15.025
15.195
15.42
15.59
15.795
15.995
16.185
16.3
16.37
16.76
17.175
17.58
17.79
17.97
18.185
18.365
18.585
18.745
18.945
19.145
19.17
19.325
19.51
19.595
19.73
19.89
20.09
20.3
20.495
20.7
20.89
21.08
21.295
21.455
21.665
21.84
22.085
22.325
22.46
22.655
22.72
22.88
23.05
23.465
23.595
23.62
23.88
23.92
24.09
24.29
24.505
24.685
24.895
25.075
25.36
25.48
25.555
25.695
25.875
26.095
26.26
26.45
26.645
26.85
27.04
27.115
27.225
27.31
27.405
27.62
27.685
27.79
28.005
28.2
28.425
28.5
28.605
28.835
29.01
29.225
29.4
29.615
29.805
29.99
