0.023219954	147.683
0.026122448	149.399
0.029024943	149.399
0.031927437	149.399
0.034829931	150.264
0.037732426	150.264
0.040634920	151.135
0.043537414	151.135
0.046439909	151.135
0.049342403	151.135
0.052244897	152.01
0.055147392	152.01
0.058049886	151.135
0.060952380	151.135
0.063854875	151.135
0.066757369	151.135
0.069659863	151.135
0.072562358	151.135
0.075464852	151.135
0.078367346	151.135
0.081269841	151.135
0.084172335	151.135
0.087074829	151.135
0.089977324	151.135
0.092879818	150.264
0.095782312	150.264
0.098684807	149.399
0.101587301	149.399
0.104489795	149.399
0.107392290	149.399
0.110294784	149.399
0.113197278	149.399
0.116099773	149.399
0.119002267	149.399
0.121904761	149.399
0.124807256	149.399
0.127709750	149.399
0.130612244	150.264
0.133514739	149.399
0.136417233	149.399
0.139319727	148.538
0.142222222	148.538
0.145124716	148.538
0.148027210	147.683
0.150929705	147.683
0.153832199	147.683
0.156734693	148.538
0.159637188	149.399
0.162539682	150.264
0.165442176	151.135
0.168344671	152.891
0.171247165	154.668
0.174149659	156.465
0.177052154	158.283
0.179954648	160.122
0.182857142	161.982
0.185759637	163.865
0.188662131	165.769
0.191564625	167.695
0.194467120	169.643
0.197369614	170.626
0.200272108	171.614
0.203174603	173.608
0.206077097	174.614
0.208979591	175.626
0.211882086	176.643
0.214784580	176.643
0.217687074	176.643
0.220589569	176.643
0.223492063	176.643
0.226394557	175.626
0.229297052	174.614
0.232199546	172.609
0.235102040	171.614
0.238004535	170.626
0.240907029	168.666
0.243809523	166.729
0.246712018	165.769
0.249614512	163.865
0.252517006	161.049
0.255419501	158.283
0.258321995	155.563
0.261224489	152.891
0.264126984	151.135
0.267029478	149.399
0.269931972	145.987
0.272834467	143.479
0.275736961	141.014
0.278639455	139.394
0.281541950	138.591
0.284444444	136.999
0.287346938	136.21
0.290249433	134.646
0.293151927	133.87
0.296054421	133.87
0.298956916	133.099
0.301859410	133.87
0.304761904	133.099
0.307664399	133.87
0.310566893	134.646
0.313469387	135.426
0.316371882	136.21
0.319274376	136.21
0.322176870	136.999
0.325079365	137.793
0.327981859	137.793
0.330884353	137.793
0.333786848	137.793
0.336689342	137.793
0.339591836	137.793
0.342494331	137.793
0.345396825	137.793
0.348299319	138.591
0.351201814	138.591
0.354104308	138.591
0.357006802	138.591
0.359909297	138.591
0.362811791	138.591
0.365714285	138.591
0.368616780	139.394
0.371519274	139.394
0.374421768	139.394
0.377324263	139.394
0.380226757	139.394
0.383129251	139.394
0.386031746	138.591
0.388934240	138.591
0.391836734	137.793
0.394739229	137.793
0.397641723	136.999
0.400544217	136.999
0.403446712	136.999
0.406349206	136.999
0.409251700	136.999
0.412154195	136.999
0.415056689	136.999
0.417959183	136.999
0.420861678	136.999
0.423764172	136.999
0.426666666	136.999
0.429569160	137.793
0.432471655	137.793
0.435374149	137.793
0.438276643	137.793
0.441179138	137.793
0.444081632	137.793
0.446984126	137.793
0.449886621	137.793
0.452789115	137.793
0.455691609	138.591
0.458594104	138.591
0.461496598	138.591
0.464399092	138.591
0.467301587	138.591
0.470204081	138.591
0.473106575	137.793
0.476009070	138.591
0.478911564	138.591
0.481814058	138.591
0.484716553	138.591
0.487619047	138.591
0.490521541	137.793
0.493424036	137.793
0.496326530	137.793
0.499229024	136.999
0.502131519	136.999
0.505034013	136.999
0.507936507	136.999
0.510839002	136.999
0.513741496	136.21
0.516643990	136.999
0.519546485	136.999
0.522448979	136.999
0.525351473	136.999
0.528253968	137.793
0.531156462	137.793
0.534058956	137.793
0.536961451	137.793
0.539863945	137.793
0.542766439	138.591
0.545668934	138.591
0.548571428	138.591
0.551473922	138.591
0.554376417	138.591
0.557278911	138.591
0.560181405	138.591
0.563083900	139.394
0.565986394	139.394
0.568888888	139.394
0.571791383	139.394
0.574693877	139.394
0.577596371	139.394
0.580498866	140.202
0.583401360	140.202
0.586303854	140.202
0.589206349	139.394
0.592108843	139.394
0.595011337	139.394
0.597913832	139.394
0.600816326	139.394
0.603718820	139.394
0.606621315	138.591
0.609523809	138.591
0.612426303	138.591
0.615328798	138.591
0.618231292	138.591
0.621133786	139.394
0.624036281	139.394
0.626938775	139.394
0.629841269	139.394
0.632743764	139.394
0.635646258	139.394
0.638548752	139.394
0.641451247	139.394
0.644353741	139.394
0.647256235	138.591
0.650158730	138.591
0.653061224	138.591
0.655963718	137.793
0.658866213	137.793
0.661768707	137.793
0.664671201	137.793
0.667573696	137.793
0.670476190	136.999
0.673378684	136.999
0.676281179	136.999
0.679183673	136.999
0.682086167	136.999
0.684988662	136.999
0.687891156	136.999
0.690793650	136.999
0.693696145	136.999
0.696598639	136.999
0.699501133	137.793
0.702403628	137.793
0.705306122	137.793
0.708208616	137.793
0.711111111	137.793
0.714013605	137.793
0.716916099	137.793
0.719818594	136.999
0.722721088	136.999
0.725623582	136.999
0.728526077	136.999
0.731428571	136.999
0.734331065	136.21
0.737233560	136.999
0.740136054	136.999
0.743038548	136.999
0.745941043	136.999
0.748843537	136.999
0.751746031	137.793
0.754648526	137.793
0.757551020	137.793
0.760453514	137.793
0.763356009	137.793
0.766258503	137.793
0.769160997	137.793
0.772063492	137.793
0.774965986	137.793
0.777868480	137.793
0.780770975	137.793
0.783673469	136.999
0.786575963	136.999
0.789478458	136.999
0.792380952	136.999
0.795283446	137.793
0.798185941	137.793
0.801088435	137.793
0.803990929	138.591
0.806893424	138.591
0.809795918	138.591
0.812698412	138.591
0.815600907	138.591
0.818503401	138.591
0.821405895	138.591
0.824308390	138.591
0.827210884	138.591
0.830113378	138.591
0.833015873	138.591
0.835918367	138.591
0.838820861	138.591
0.841723356	138.591
0.844625850	138.591
0.847528344	138.591
0.850430839	138.591
0.853333333	138.591
0.856235827	138.591
0.859138321	139.394
0.862040816	139.394
0.864943310	139.394
0.867845804	139.394
0.870748299	138.591
0.873650793	138.591
0.876553287	138.591
0.879455782	138.591
0.882358276	138.591
0.885260770	138.591
0.888163265	138.591
0.891065759	138.591
0.893968253	138.591
0.896870748	138.591
0.899773242	138.591
0.902675736	138.591
0.905578231	138.591
0.908480725	138.591
0.911383219	138.591
0.914285714	138.591
0.917188208	139.394
0.920090702	139.394
0.922993197	139.394
0.925895691	139.394
0.928798185	139.394
0.931700680	139.394
0.934603174	139.394
0.937505668	138.591
0.940408163	138.591
0.943310657	139.394
0.946213151	138.591
0.949115646	138.591
0.952018140	138.591
0.954920634	139.394
0.957823129	138.591
0.960725623	139.394
0.963628117	139.394
0.966530612	139.394
0.969433106	139.394
0.972335600	139.394
0.975238095	140.202
0.978140589	140.202
0.981043083	139.394
0.983945578	139.394
0.986848072	139.394
0.989750566	139.394
0.992653061	139.394
0.995555555	139.394
0.998458049	139.394
1.001360544	139.394
1.004263038	139.394
1.007165532	139.394
1.010068027	139.394
1.012970521	139.394
1.015873015	139.394
1.018775510	139.394
1.021678004	139.394
1.024580498	139.394
1.027482993	139.394
1.030385487	138.591
1.033287981	139.394
1.036190476	139.394
1.039092970	139.394
1.041995464	139.394
1.044897959	138.591
1.047800453	138.591
1.050702947	138.591
1.053605442	138.591
1.056507936	138.591
1.059410430	139.394
1.062312925	139.394
1.065215419	139.394
1.068117913	139.394
1.071020408	139.394
1.073922902	138.591
1.076825396	138.591
1.079727891	138.591
1.082630385	138.591
1.085532879	138.591
1.088435374	138.591
1.091337868	138.591
1.094240362	138.591
1.097142857	138.591
1.100045351	138.591
1.102947845	138.591
1.105850340	138.591
1.108752834	138.591
1.111655328	138.591
1.114557823	138.591
1.117460317	138.591
1.120362811	138.591
1.123265306	138.591
1.126167800	138.591
1.129070294	138.591
1.131972789	138.591
1.134875283	138.591
1.137777777	138.591
1.140680272	138.591
1.143582766	138.591
1.146485260	138.591
1.149387755	139.394
1.152290249	138.591
1.155192743	139.394
1.158095238	139.394
1.160997732	139.394
1.163900226	139.394
1.166802721	139.394
1.169705215	139.394
1.172607709	139.394
1.175510204	139.394
1.178412698	139.394
1.181315192	139.394
1.184217687	139.394
1.187120181	138.591
1.190022675	138.591
1.192925170	138.591
1.195827664	138.591
1.198730158	138.591
1.201632653	138.591
1.204535147	138.591
1.207437641	138.591
1.210340136	138.591
1.213242630	138.591
1.216145124	138.591
1.219047619	138.591
1.221950113	138.591
1.224852607	138.591
1.227755102	138.591
1.230657596	138.591
1.233560090	138.591
1.236462585	138.591
1.239365079	138.591
1.242267573	138.591
1.245170068	138.591
1.248072562	138.591
1.250975056	138.591
1.253877551	138.591
1.256780045	138.591
1.259682539	138.591
1.262585034	139.394
1.265487528	139.394
1.268390022	139.394
1.271292517	139.394
1.274195011	139.394
1.277097505	139.394
1.280000000	139.394
1.282902494	139.394
1.285804988	139.394
1.288707482	139.394
1.291609977	139.394
1.294512471	139.394
1.297414965	139.394
1.300317460	139.394
1.303219954	139.394
1.306122448	139.394
1.309024943	139.394
1.311927437	138.591
1.314829931	139.394
1.317732426	139.394
1.320634920	139.394
1.323537414	139.394
1.326439909	139.394
1.329342403	139.394
1.332244897	139.394
1.335147392	139.394
1.338049886	138.591
1.340952380	138.591
1.343854875	138.591
1.346757369	138.591
1.349659863	138.591
1.352562358	138.591
1.355464852	138.591
1.358367346	138.591
1.361269841	138.591
1.364172335	138.591
1.367074829	138.591
1.369977324	138.591
1.372879818	138.591
1.375782312	138.591
1.378684807	138.591
1.381587301	138.591
1.384489795	137.793
1.387392290	137.793
1.390294784	137.793
1.393197278	137.793
1.396099773	137.793
1.399002267	137.793
1.401904761	137.793
1.404807256	137.793
1.407709750	137.793
1.410612244	137.793
1.413514739	137.793
1.416417233	137.793
1.419319727	137.793
1.422222222	137.793
1.425124716	137.793
1.428027210	137.793
1.430929705	137.793
1.433832199	137.793
1.436734693	137.793
1.439637188	137.793
1.442539682	137.793
1.445442176	137.793
1.448344671	137.793
1.451247165	137.793
1.454149659	137.793
1.457052154	137.793
1.459954648	137.793
1.462857142	138.591
1.465759637	138.591
1.468662131	138.591
1.471564625	138.591
1.474467120	138.591
1.477369614	138.591
1.480272108	139.394
1.483174603	139.394
1.486077097	139.394
1.488979591	139.394
1.491882086	139.394
1.494784580	139.394
1.497687074	140.202
1.500589569	139.394
1.503492063	139.394
1.506394557	139.394
1.509297052	139.394
1.512199546	139.394
1.515102040	140.202
1.518004535	140.202
1.520907029	139.394
1.523809523	139.394
1.526712018	139.394
1.529614512	139.394
1.532517006	139.394
1.535419501	138.591
1.538321995	138.591
1.541224489	138.591
1.544126984	138.591
1.547029478	138.591
1.549931972	138.591
1.552834467	138.591
1.555736961	138.591
1.558639455	138.591
1.561541950	138.591
1.564444444	138.591
1.567346938	138.591
1.570249433	138.591
1.573151927	138.591
1.576054421	138.591
1.578956916	138.591
1.581859410	138.591
1.584761904	138.591
1.587664399	138.591
1.590566893	138.591
1.593469387	138.591
1.596371882	138.591
1.599274376	138.591
1.602176870	138.591
1.605079365	138.591
1.607981859	138.591
1.610884353	139.394
1.613786848	139.394
1.616689342	139.394
1.619591836	138.591
1.622494331	138.591
1.625396825	138.591
1.628299319	137.793
1.631201814	137.793
1.634104308	137.793
1.637006802	138.591
1.639909297	138.591
1.642811791	138.591
1.645714285	138.591
1.648616780	137.793
1.651519274	137.793
1.654421768	137.793
1.657324263	137.793
1.660226757	137.793
1.663129251	137.793
1.666031746	137.793
1.668934240	137.793
1.671836734	137.793
1.674739229	137.793
1.677641723	137.793
1.680544217	137.793
1.683446712	137.793
1.686349206	137.793
1.689251700	138.591
1.692154195	138.591
1.695056689	139.394
1.697959183	139.394
1.700861678	139.394
1.703764172	139.394
1.706666666	139.394
1.709569160	139.394
1.712471655	139.394
1.715374149	139.394
1.718276643	140.202
1.721179138	140.202
1.724081632	140.202
1.726984126	140.202
1.729886621	140.202
1.732789115	140.202
1.735691609	140.202
1.738594104	139.394
1.741496598	139.394
1.744399092	139.394
1.747301587	139.394
1.750204081	139.394
1.753106575	139.394
1.756009070	138.591
1.758911564	138.591
1.761814058	138.591
1.764716553	138.591
1.767619047	138.591
1.770521541	138.591
1.773424036	138.591
1.776326530	138.591
1.779229024	139.394
1.782131519	139.394
1.785034013	139.394
1.787936507	139.394
1.790839002	139.394
1.793741496	139.394
1.796643990	139.394
1.799546485	139.394
1.802448979	139.394
1.805351473	139.394
1.808253968	139.394
1.811156462	139.394
1.814058956	140.202
1.816961451	140.202
1.819863945	140.202
1.822766439	140.202
1.825668934	139.394
1.828571428	139.394
1.831473922	139.394
1.834376417	139.394
1.837278911	139.394
1.840181405	139.394
1.843083900	139.394
1.845986394	139.394
1.848888888	139.394
1.851791383	138.591
1.854693877	139.394
1.857596371	138.591
1.860498866	138.591
1.863401360	138.591
1.866303854	138.591
1.869206349	138.591
1.872108843	138.591
1.875011337	138.591
1.877913832	138.591
1.880816326	137.793
1.883718820	137.793
1.886621315	137.793
1.889523809	137.793
1.892426303	137.793
1.895328798	137.793
1.898231292	137.793
1.901133786	137.793
1.904036281	137.793
1.906938775	137.793
1.909841269	137.793
1.912743764	137.793
1.915646258	137.793
1.918548752	137.793
1.921451247	137.793
1.924353741	136.999
1.927256235	136.999
1.930158730	136.999
1.933061224	136.999
1.935963718	136.999
1.938866213	136.999
1.941768707	137.793
1.944671201	137.793
1.947573696	137.793
1.950476190	137.793
1.953378684	138.591
1.956281179	138.591
1.959183673	139.394
1.962086167	139.394
1.964988662	138.591
1.967891156	138.591
1.970793650	139.394
1.973696145	139.394
1.976598639	139.394
1.979501133	139.394
1.982403628	139.394
1.985306122	139.394
1.988208616	139.394
1.991111111	139.394
1.994013605	139.394
1.996916099	138.591
1.999818594	138.591
2.002721088	138.591
2.005623582	138.591
2.008526077	138.591
2.011428571	138.591
2.014331065	138.591
2.017233560	138.591
2.020136054	138.591
2.023038548	137.793
2.025941043	137.793
2.028843537	137.793
2.031746031	137.793
2.034648526	137.793
2.037551020	137.793
2.040453514	137.793
2.043356009	137.793
2.046258503	137.793
2.049160997	137.793
2.052063492	137.793
2.054965986	137.793
2.057868480	136.999
2.060770975	136.999
2.063673469	137.793
2.066575963	136.999
2.069478458	136.999
2.072380952	136.999
2.075283446	136.999
2.078185941	136.999
2.081088435	136.999
2.083990929	136.999
2.086893424	137.793
2.089795918	136.999
2.092698412	137.793
2.095600907	137.793
2.098503401	137.793
2.101405895	137.793
2.104308390	137.793
2.107210884	137.793
2.110113378	137.793
2.113015873	137.793
2.115918367	137.793
2.118820861	137.793
2.121723356	137.793
2.124625850	137.793
2.127528344	137.793
2.130430839	137.793
2.133333333	137.793
2.136235827	138.591
2.139138321	137.793
2.142040816	138.591
2.144943310	138.591
2.147845804	137.793
2.150748299	137.793
2.153650793	137.793
2.156553287	137.793
2.159455782	137.793
2.162358276	137.793
2.165260770	137.793
2.168163265	137.793
2.171065759	137.793
2.173968253	138.591
2.176870748	138.591
2.179773242	138.591
2.182675736	138.591
2.185578231	138.591
2.188480725	138.591
2.191383219	138.591
2.194285714	138.591
2.197188208	138.591
2.200090702	138.591
2.202993197	138.591
2.205895691	139.394
2.208798185	138.591
2.211700680	138.591
2.214603174	139.394
2.217505668	138.591
2.220408163	138.591
2.223310657	138.591
2.226213151	138.591
2.229115646	138.591
2.232018140	138.591
2.234920634	138.591
2.237823129	138.591
2.240725623	138.591
2.243628117	138.591
2.246530612	138.591
2.249433106	138.591
2.252335600	138.591
2.255238095	138.591
2.258140589	138.591
2.261043083	138.591
2.263945578	139.394
2.266848072	139.394
2.269750566	139.394
2.272653061	139.394
2.275555555	138.591
2.278458049	138.591
2.281360544	138.591
2.284263038	138.591
2.287165532	139.394
2.290068027	139.394
2.292970521	139.394
2.295873015	139.394
2.298775510	139.394
2.301678004	139.394
2.304580498	139.394
2.307482993	139.394
2.310385487	139.394
2.313287981	139.394
2.316190476	139.394
2.319092970	139.394
2.321995464	139.394
2.324897959	139.394
2.327800453	139.394
2.330702947	139.394
2.333605442	139.394
2.336507936	139.394
2.339410430	138.591
2.342312925	138.591
2.345215419	138.591
2.348117913	138.591
2.351020408	138.591
2.353922902	138.591
2.356825396	138.591
2.359727891	138.591
2.362630385	137.793
2.365532879	137.793
2.368435374	137.793
2.371337868	137.793
2.374240362	137.793
2.377142857	137.793
2.380045351	137.793
2.382947845	137.793
2.385850340	137.793
2.388752834	137.793
2.391655328	137.793
2.394557823	137.793
2.397460317	137.793
2.400362811	137.793
2.403265306	137.793
2.406167800	137.793
2.409070294	137.793
2.411972789	137.793
2.414875283	137.793
2.417777777	138.591
2.420680272	138.591
2.423582766	138.591
2.426485260	138.591
2.429387755	138.591
2.432290249	138.591
2.435192743	138.591
2.438095238	138.591
2.440997732	138.591
2.443900226	138.591
2.446802721	138.591
2.449705215	138.591
2.452607709	138.591
2.455510204	138.591
2.458412698	138.591
2.461315192	138.591
2.464217687	138.591
2.467120181	138.591
2.470022675	138.591
2.472925170	138.591
2.475827664	138.591
2.478730158	138.591
2.481632653	138.591
2.484535147	138.591
2.487437641	138.591
2.490340136	138.591
2.493242630	138.591
2.496145124	138.591
2.499047619	138.591
2.501950113	139.394
2.504852607	139.394
2.507755102	139.394
2.510657596	139.394
2.513560090	139.394
2.516462585	139.394
2.519365079	140.202
2.522267573	140.202
2.525170068	140.202
2.528072562	140.202
2.530975056	140.202
2.533877551	140.202
2.536780045	139.394
2.539682539	139.394
2.542585034	140.202
2.545487528	139.394
2.548390022	139.394
2.551292517	139.394
2.554195011	139.394
2.557097505	139.394
2.560000000	139.394
2.562902494	139.394
2.565804988	139.394
2.568707482	139.394
2.571609977	139.394
2.574512471	138.591
2.577414965	139.394
2.580317460	138.591
2.583219954	139.394
2.586122448	139.394
2.589024943	138.591
2.591927437	138.591
2.594829931	138.591
2.597732426	138.591
2.600634920	138.591
2.603537414	138.591
2.606439909	138.591
2.609342403	138.591
2.612244897	139.394
2.615147392	139.394
2.618049886	139.394
2.620952380	139.394
2.623854875	139.394
2.626757369	139.394
2.629659863	138.591
2.632562358	139.394
2.635464852	139.394
2.638367346	139.394
2.641269841	139.394
2.644172335	140.202
2.647074829	140.202
2.649977324	140.202
2.652879818	139.394
2.655782312	139.394
2.658684807	139.394
2.661587301	139.394
2.664489795	139.394
2.667392290	139.394
2.670294784	139.394
2.673197278	139.394
2.676099773	139.394
2.679002267	139.394
2.681904761	139.394
2.684807256	139.394
2.687709750	139.394
2.690612244	138.591
2.693514739	139.394
2.696417233	139.394
2.699319727	139.394
2.702222222	140.202
2.705124716	140.202
2.708027210	140.202
2.710929705	139.394
2.713832199	139.394
2.716734693	139.394
2.719637188	139.394
2.722539682	138.591
2.725442176	138.591
2.728344671	138.591
2.731247165	138.591
2.734149659	138.591
2.737052154	138.591
2.739954648	137.793
2.742857142	137.793
2.745759637	137.793
2.748662131	137.793
2.751564625	137.793
2.754467120	137.793
2.757369614	137.793
2.760272108	137.793
2.763174603	137.793
2.766077097	137.793
2.768979591	137.793
2.771882086	137.793
2.774784580	137.793
2.777687074	137.793
2.780589569	137.793
2.783492063	138.591
2.786394557	138.591
2.789297052	138.591
2.792199546	138.591
2.795102040	138.591
2.798004535	138.591
2.800907029	139.394
2.803809523	139.394
2.806712018	139.394
2.809614512	139.394
2.812517006	139.394
2.815419501	139.394
2.818321995	139.394
2.821224489	139.394
2.824126984	139.394
2.827029478	138.591
2.829931972	138.591
2.832834467	138.591
2.835736961	138.591
2.838639455	137.793
2.841541950	137.793
2.844444444	137.793
2.847346938	137.793
2.850249433	137.793
2.853151927	137.793
2.856054421	137.793
2.858956916	137.793
2.861859410	137.793
2.864761904	137.793
2.867664399	137.793
2.870566893	137.793
2.873469387	137.793
2.876371882	137.793
2.879274376	137.793
2.882176870	137.793
2.885079365	137.793
2.887981859	137.793
2.890884353	137.793
2.893786848	138.591
2.896689342	138.591
2.899591836	138.591
2.902494331	139.394
2.905396825	139.394
2.908299319	139.394
2.911201814	139.394
2.914104308	138.591
2.917006802	138.591
2.919909297	139.394
2.922811791	139.394
2.925714285	139.394
2.928616780	139.394
2.931519274	139.394
2.934421768	138.591
2.937324263	138.591
2.940226757	138.591
2.943129251	138.591
2.946031746	138.591
2.948934240	138.591
2.951836734	138.591
2.954739229	138.591
2.957641723	138.591
2.960544217	138.591
2.963446712	138.591
2.966349206	138.591
2.969251700	137.793
2.972154195	137.793
2.975056689	137.793
2.977959183	137.793
2.980861678	137.793
2.983764172	137.793
2.986666666	138.591
2.989569160	138.591
2.992471655	137.793
2.995374149	137.793
2.998276643	137.793
3.001179138	137.793
3.004081632	137.793
3.006984126	136.999
3.009886621	137.793
3.012789115	137.793
3.015691609	137.793
3.018594104	137.793
3.021496598	137.793
3.024399092	137.793
3.027301587	137.793
3.030204081	137.793
3.033106575	138.591
3.036009070	138.591
3.038911564	138.591
3.041814058	139.394
3.044716553	139.394
3.047619047	140.202
3.050521541	139.394
3.053424036	140.202
3.056326530	140.202
3.059229024	140.202
3.062131519	140.202
3.065034013	140.202
3.067936507	140.202
3.070839002	140.202
3.073741496	140.202
3.076643990	140.202
3.079546485	140.202
3.082448979	139.394
3.085351473	139.394
3.088253968	139.394
3.091156462	138.591
3.094058956	138.591
3.096961451	139.394
3.099863945	138.591
3.102766439	138.591
3.105668934	138.591
3.108571428	138.591
3.111473922	138.591
3.114376417	137.793
3.117278911	137.793
3.120181405	137.793
3.123083900	137.793
3.125986394	137.793
3.128888888	138.591
3.131791383	138.591
3.134693877	137.793
3.137596371	137.793
3.140498866	137.793
3.143401360	137.793
3.146303854	137.793
3.149206349	137.793
3.152108843	137.793
3.155011337	137.793
3.157913832	137.793
3.160816326	137.793
3.163718820	137.793
3.166621315	138.591
3.169523809	138.591
3.172426303	138.591
3.175328798	137.793
3.178231292	138.591
3.181133786	138.591
3.184036281	138.591
3.186938775	138.591
3.189841269	138.591
3.192743764	138.591
3.195646258	138.591
3.198548752	138.591
3.201451247	138.591
3.204353741	138.591
3.207256235	138.591
3.210158730	138.591
3.213061224	138.591
3.215963718	138.591
3.218866213	138.591
3.221768707	138.591
3.224671201	137.793
3.227573696	137.793
3.230476190	137.793
3.233378684	137.793
3.236281179	137.793
3.239183673	136.999
3.242086167	136.999
3.244988662	137.793
3.247891156	137.793
3.250793650	137.793
3.253696145	137.793
3.256598639	137.793
3.259501133	137.793
3.262403628	137.793
3.265306122	137.793
3.268208616	138.591
3.271111111	138.591
3.274013605	138.591
3.276916099	138.591
3.279818594	138.591
3.282721088	138.591
3.285623582	138.591
3.288526077	138.591
3.291428571	137.793
3.294331065	137.793
3.297233560	137.793
3.300136054	137.793
3.303038548	138.591
3.305941043	137.793
3.308843537	137.793
3.311746031	137.793
3.314648526	137.793
3.317551020	137.793
3.320453514	137.793
3.323356009	137.793
3.326258503	138.591
3.329160997	138.591
3.332063492	138.591
3.334965986	138.591
3.337868480	138.591
3.340770975	138.591
3.343673469	138.591
3.346575963	138.591
3.349478458	139.394
3.352380952	139.394
3.355283446	139.394
3.358185941	139.394
3.361088435	139.394
3.363990929	139.394
3.366893424	139.394
3.369795918	139.394
3.372698412	139.394
3.375600907	139.394
3.378503401	139.394
3.381405895	139.394
3.384308390	139.394
3.387210884	139.394
3.390113378	139.394
3.393015873	138.591
3.395918367	139.394
3.398820861	138.591
3.401723356	138.591
3.404625850	138.591
3.407528344	138.591
3.410430839	138.591
3.413333333	139.394
3.416235827	138.591
3.419138321	139.394
3.422040816	139.394
3.424943310	139.394
3.427845804	138.591
3.430748299	138.591
3.433650793	138.591
3.436553287	138.591
3.439455782	139.394
3.442358276	139.394
3.445260770	139.394
3.448163265	139.394
3.451065759	139.394
3.453968253	139.394
3.456870748	139.394
3.459773242	139.394
3.462675736	139.394
3.465578231	140.202
3.468480725	140.202
3.471383219	140.202
3.474285714	139.394
3.477188208	139.394
3.480090702	139.394
3.482993197	139.394
3.485895691	139.394
3.488798185	139.394
3.491700680	138.591
3.494603174	138.591
3.497505668	138.591
3.500408163	139.394
3.503310657	139.394
3.506213151	139.394
3.509115646	139.394
3.512018140	138.591
3.514920634	138.591
3.517823129	137.793
3.520725623	138.591
3.523628117	138.591
3.526530612	139.394
3.529433106	139.394
3.532335600	-104.428
3.535238095	-103.826
3.538140589	-103.826
3.541043083	-103.826
3.543945578	-103.826
3.546848072	-104.428
3.549750566	-104.428
3.552653061	-104.428
3.555555555	-104.428
3.558458049	-104.428
3.561360544	-104.428
3.564263038	-104.428
3.567165532	-104.428
3.570068027	-104.428
3.572970521	-103.826
3.575873015	-103.826
3.578775510	-103.826
3.581678004	-103.826
3.584580498	-103.826
3.587482993	-103.826
3.590385487	-103.826
3.593287981	-103.826
3.596190476	-104.428
3.599092970	-104.428
3.601995464	-104.428
3.604897959	-104.428
3.607800453	-104.428
3.610702947	-103.826
3.613605442	-103.826
3.616507936	-103.826
3.619410430	-104.428
3.622312925	-103.826
3.625215419	-103.826
3.628117913	-103.826
3.631020408	-103.826
3.633922902	-104.428
3.636825396	-104.428
3.639727891	-104.428
3.642630385	-104.428
3.645532879	-104.428
3.648435374	-104.428
3.651337868	-104.428
3.654240362	-104.428
3.657142857	-104.428
3.660045351	-104.428
3.662947845	-104.428
3.665850340	-104.428
3.668752834	-104.428
3.671655328	-104.428
3.674557823	-104.428
3.677460317	-104.428
3.680362811	-104.428
3.683265306	-104.428
3.686167800	-104.428
3.689070294	-104.428
3.691972789	-104.428
3.694875283	-103.826
3.697777777	-103.826
3.700680272	-103.826
3.703582766	-103.826
3.706485260	-103.826
3.709387755	-103.826
3.712290249	-103.826
3.715192743	-110
3.718095238	-110
3.720997732	-110
3.723900226	-110
3.726802721	-110
3.729705215	-110
3.732607709	-110
3.735510204	-110
3.738412698	-110
3.741315192	-110
3.744217687	-110
3.747120181	-110
3.750022675	-110
3.752925170	-110
3.755827664	-110
3.758730158	-110
3.761632653	-110
3.764535147	-110
3.767437641	-110
3.770340136	-110
3.773242630	-110
3.776145124	-110
3.779047619	-110
3.781950113	-110
3.784852607	-110
3.787755102	-110
3.790657596	-110
3.793560090	-110
3.796462585	-110
3.799365079	-110
3.802267573	-110
3.805170068	-110
3.808072562	-110
3.810975056	-110
3.813877551	-110
3.816780045	-110
3.819682539	-110
3.822585034	-110
3.825487528	-110
3.828390022	-110
3.831292517	-110
3.834195011	-110
3.837097505	-110
3.840000000	-110
3.842902494	-110
3.845804988	-110
3.848707482	-110
3.851609977	-110
3.854512471	-110
3.857414965	-110
3.860317460	-110
3.863219954	-110
3.866122448	-110
3.869024943	-110
3.871927437	-110
3.874829931	-110
3.877732426	-110
3.880634920	-110
3.883537414	-110
3.886439909	-110
3.889342403	-110
3.892244897	-110
3.895147392	-110
3.898049886	-110
3.900952380	-110
3.903854875	-110
3.906757369	-110
3.909659863	-110
3.912562358	-110
3.915464852	-110
3.918367346	-110
3.921269841	-110
3.924172335	-110
3.927074829	-110
3.929977324	-110
3.932879818	-110
3.935782312	-110
3.938684807	-110
3.941587301	-110
3.944489795	-104.428
3.947392290	-104.428
3.950294784	-104.428
3.953197278	-104.428
3.956099773	-103.826
3.959002267	-103.826
3.961904761	-104.428
3.964807256	-104.428
3.967709750	-104.428
3.970612244	-104.428
3.973514739	-104.428
3.976417233	-104.428
3.979319727	-104.428
3.982222222	-104.428
3.985124716	-104.428
3.988027210	-104.428
3.990929705	-104.428
3.993832199	-103.826
3.996734693	-103.826
3.999637188	-103.826
4.002539682	-103.826
4.005442176	-103.826
4.008344671	-103.826
4.011247165	-103.826
4.014149659	-104.428
4.017052154	-104.428
4.019954648	-104.428
4.022857142	-104.428
4.025759637	-104.428
4.028662131	-104.428
4.031564625	-103.826
4.034467120	-104.428
4.037369614	-103.826
4.040272108	-103.826
4.043174603	-103.826
4.046077097	-103.826
4.048979591	-103.826
4.051882086	-103.826
4.054784580	-104.428
4.057687074	-104.428
4.060589569	-104.428
4.063492063	-104.428
4.066394557	-104.428
4.069297052	-104.428
4.072199546	-104.428
4.075102040	-104.428
4.078004535	-104.428
4.080907029	-104.428
4.083809523	-104.428
4.086712018	-104.428
4.089614512	-103.826
4.092517006	-103.826
4.095419501	-104.428
4.098321995	-104.428
4.101224489	-104.428
4.104126984	-110
4.107029478	-110
4.109931972	-110
4.112834467	-110
4.115736961	-110
4.118639455	-110
4.121541950	-110
4.124444444	-110
4.127346938	-110
4.130249433	-110
4.133151927	-110
4.136054421	-110
4.138956916	-110
4.141859410	-110
4.144761904	-110
4.147664399	-110
4.150566893	-110
4.153469387	-110
4.156371882	-110
4.159274376	-110
4.162176870	-110
4.165079365	-110
4.167981859	-110
4.170884353	-110
4.173786848	-110
4.176689342	-110
4.179591836	-110
4.182494331	-110
4.185396825	-110
4.188299319	-110
4.191201814	-110
4.194104308	-110
4.197006802	-110
4.199909297	-110
4.202811791	-110
4.205714285	-110
4.208616780	-110
4.211519274	-110
4.214421768	-110
4.217324263	-110
4.220226757	-110
4.223129251	-110
4.226031746	-110
4.228934240	-110
4.231836734	-110
4.234739229	-110
4.237641723	-110
4.240544217	-110
4.243446712	-110
4.246349206	-110
4.249251700	-110
4.252154195	-110
4.255056689	-110
4.257959183	-110
4.260861678	-110
4.263764172	-110
4.266666666	-110
4.269569160	-110
4.272471655	-110
4.275374149	-110
4.278276643	-110
4.281179138	-110
4.284081632	-110
4.286984126	-110
4.289886621	-110
4.292789115	-110
4.295691609	-110
4.298594104	-110
4.301496598	-110
4.304399092	-110
4.307301587	-110
4.310204081	-110
4.313106575	-110
4.316009070	-110
4.318911564	-110
4.321814058	-110
4.324716553	-110
4.327619047	-110
4.330521541	-110
4.333424036	-110
4.336326530	-110
4.339229024	-110
4.342131519	-110
4.345034013	-110
4.347936507	-110
4.350839002	-110
4.353741496	-110
4.356643990	-110
4.359546485	-110
4.362448979	-110
4.365351473	-110
4.368253968	-110
4.371156462	-110
4.374058956	-110
4.376961451	-110
4.379863945	-110
4.382766439	-110
4.385668934	-110
4.388571428	-110
4.391473922	-110
4.394376417	-110
4.397278911	-110
4.400181405	-110
4.403083900	-110
4.405986394	-110
4.408888888	-110
4.411791383	-110
4.414693877	-110
4.417596371	-110
4.420498866	-110
4.423401360	-110
4.426303854	-110
4.429206349	-110
4.432108843	-110
4.435011337	-110
4.437913832	-110
4.440816326	-110
4.443718820	-110
4.446621315	-110
4.449523809	-110
4.452426303	-110
4.455328798	-110
4.458231292	-110
4.461133786	-110
4.464036281	-110
4.466938775	-110
4.469841269	-110
4.472743764	-110
4.475646258	-110
4.478548752	-110
4.481451247	-110
4.484353741	-110
4.487256235	-110
4.490158730	-110
4.493061224	-110
4.495963718	-110
4.498866213	-110
4.501768707	-110
4.504671201	-110
4.507573696	-110
4.510476190	-110
4.513378684	-110
4.516281179	-110
4.519183673	-110
4.522086167	-110
4.524988662	-110
4.527891156	-110
4.530793650	-110
4.533696145	-110
4.536598639	-110
4.539501133	-110
4.542403628	-110
4.545306122	-110
4.548208616	-110
4.551111111	-110
4.554013605	-110
4.556916099	-110
4.559818594	-110
4.562721088	-110
4.565623582	-110
4.568526077	-110
4.571428571	-110
4.574331065	-110
4.577233560	-110
4.580136054	-110
4.583038548	-110
4.585941043	-110
4.588843537	-110
4.591746031	-110
4.594648526	-110
4.597551020	-110
4.600453514	-110
4.603356009	-110
4.606258503	-110
4.609160997	-110
4.612063492	-110
4.614965986	-110
4.617868480	-110
4.620770975	-110
4.623673469	-110
4.626575963	-110
4.629478458	-110
4.632380952	-110
4.635283446	-110
4.638185941	-110
4.641088435	-110
4.643990929	-110
4.646893424	-110
4.649795918	-110
4.652698412	-110
4.655600907	-110
4.658503401	-110
4.661405895	-110
4.664308390	-110
4.667210884	-110
4.670113378	-110
4.673015873	-110
4.675918367	-110
4.678820861	-110
4.681723356	-110
4.684625850	-110
4.687528344	-110
4.690430839	-110
4.693333333	-110
4.696235827	-110
4.699138321	-110
4.702040816	-110
4.704943310	-110
4.707845804	-110
4.710748299	-110
4.713650793	-110
4.716553287	-110
4.719455782	-110
4.722358276	-110
4.725260770	-110
4.728163265	-110
4.731065759	-110
4.733968253	-110
4.736870748	-110
4.739773242	-110
4.742675736	-110
4.745578231	-110
4.748480725	-110
4.751383219	-110
4.754285714	-110
4.757188208	-110
4.760090702	-110
4.762993197	-110
4.765895691	-110
4.768798185	-110
4.771700680	-110
4.774603174	-110
4.777505668	-110
4.780408163	-110
4.783310657	-110
4.786213151	-110
4.789115646	-110
4.792018140	-110
4.794920634	-110
4.797823129	-110
4.800725623	-110
4.803628117	-110
4.806530612	-110
4.809433106	-110
4.812335600	-110
4.815238095	-110
4.818140589	-110
4.821043083	-110
4.823945578	-110
4.826848072	-110
4.829750566	-110
4.832653061	-110
4.835555555	-110
4.838458049	-110
4.841360544	-110
4.844263038	-110
4.847165532	-110
4.850068027	-110
4.852970521	-110
4.855873015	-110
4.858775510	-110
4.861678004	-110
4.864580498	-110
4.867482993	-110
4.870385487	-110
4.873287981	-110
4.876190476	-110
4.879092970	-110
4.881995464	-110
4.884897959	-110
4.887800453	-110
4.890702947	-110
4.893605442	-110
4.896507936	-110
4.899410430	-110
4.902312925	-110
4.905215419	-110
4.908117913	-110
4.911020408	-110
4.913922902	-110
4.916825396	-110
4.919727891	-110
4.922630385	-110
4.925532879	-110
4.928435374	-110
4.931337868	-110
4.934240362	-110
4.937142857	-110
4.940045351	-110
4.942947845	-110
4.945850340	-110
4.948752834	-110
4.951655328	-110
4.954557823	-110
4.957460317	-110
4.960362811	-110
4.963265306	-110
4.966167800	-110
4.969070294	-110
4.971972789	-110
4.974875283	-110
4.977777777	-110
4.980680272	-110
4.983582766	-110
4.986485260	-110
4.989387755	-110
4.992290249	-110
4.995192743	-110
4.998095238	-110
5.000997732	-110
5.003900226	-110
5.006802721	-110
5.009705215	-110
5.012607709	-110
5.015510204	-110
5.018412698	-110
5.021315192	-110
5.024217687	-110
5.027120181	-110
5.030022675	-110
5.032925170	-110
5.035827664	-110
5.038730158	-110
5.041632653	-110
5.044535147	-110
5.047437641	-110
5.050340136	-110
5.053242630	-110
5.056145124	-110
5.059047619	-110
5.061950113	-110
5.064852607	-110
5.067755102	-110
5.070657596	-110
5.073560090	-110
5.076462585	-110
5.079365079	-110
5.082267573	-110
5.085170068	-110
5.088072562	-110
5.090975056	-110
5.093877551	-110
5.096780045	-110
5.099682539	-110
5.102585034	-110
5.105487528	-110
5.108390022	-110
5.111292517	-110
5.114195011	-110
5.117097505	-110
5.120000000	-110
5.122902494	-110
5.125804988	-110
5.128707482	-110
5.131609977	-110
5.134512471	-110
5.137414965	-110
5.140317460	-110
5.143219954	-110
5.146122448	-110
5.149024943	-110
5.151927437	-110
5.154829931	-110
5.157732426	-110
5.160634920	-110
5.163537414	-110
5.166439909	-110
5.169342403	-110
5.172244897	-110
5.175147392	-110
5.178049886	-110
5.180952380	-110
5.183854875	-110
5.186757369	-110
5.189659863	-110
5.192562358	-110
5.195464852	-110
5.198367346	-110
5.201269841	-110
5.204172335	-110
5.207074829	-110
5.209977324	-110
5.212879818	-110
5.215782312	-110
5.218684807	-110
5.221587301	-110
5.224489795	-110
5.227392290	-110
5.230294784	-110
5.233197278	-110
5.236099773	-110
5.239002267	-110
5.241904761	-110
5.244807256	-110
5.247709750	-110
5.250612244	-110
5.253514739	-110
5.256417233	-110
5.259319727	-110
5.262222222	-110
5.265124716	-110
5.268027210	-110
5.270929705	-110
5.273832199	-110
5.276734693	-110
5.279637188	-110
5.282539682	-110
5.285442176	-110
5.288344671	-110
5.291247165	-110
5.294149659	-110
5.297052154	-110
5.299954648	-110
5.302857142	-110
5.305759637	-110
5.308662131	-110
5.311564625	-110
5.314467120	-110
5.317369614	-110
5.320272108	-110
5.323174603	-110
5.326077097	-110
5.328979591	-110
5.331882086	-110
5.334784580	-110
5.337687074	-110
5.340589569	-110
5.343492063	-110
5.346394557	-110
5.349297052	-110
5.352199546	-110
5.355102040	-110
5.358004535	-110
5.360907029	-110
5.363809523	-110
5.366712018	-110
5.369614512	-110
5.372517006	-110
5.375419501	-110
5.378321995	-110
5.381224489	-110
5.384126984	-110
5.387029478	-110
5.389931972	-110
5.392834467	-110
5.395736961	-110
5.398639455	-110
5.401541950	-110
5.404444444	-110
5.407346938	-110
5.410249433	-110
5.413151927	-110
5.416054421	-110
5.418956916	-110
5.421859410	-110
5.424761904	-110
5.427664399	-110
5.430566893	-110
5.433469387	-110
5.436371882	-110
5.439274376	-110
5.442176870	-110
5.445079365	-110
5.447981859	-110
5.450884353	-110
5.453786848	-110
5.456689342	-110
5.459591836	-110
5.462494331	-110
5.465396825	-110
5.468299319	-110
5.471201814	-110
5.474104308	-110
5.477006802	-110
5.479909297	-110
5.482811791	-110
5.485714285	-110
5.488616780	-110
5.491519274	-110
5.494421768	-110
5.497324263	-110
5.500226757	-110
5.503129251	-110
5.506031746	-110
5.508934240	-110
5.511836734	-110
5.514739229	-110
5.517641723	-110
5.520544217	-110
5.523446712	-110
5.526349206	-110
5.529251700	-110
5.532154195	-110
5.535056689	-110
5.537959183	-110
5.540861678	-110
5.543764172	-110
5.546666666	-110
5.549569160	-110
5.552471655	-110
5.555374149	-110
5.558276643	-110
5.561179138	-110
5.564081632	-110
5.566984126	-110
5.569886621	-110
5.572789115	-110
5.575691609	-110
5.578594104	-110
5.581496598	-110
5.584399092	-110
5.587301587	-110
5.590204081	-110
5.593106575	-110
5.596009070	-110
5.598911564	-110
5.601814058	-110
5.604716553	-110
5.607619047	-110
5.610521541	-110
5.613424036	-110
5.616326530	-110
5.619229024	-110
5.622131519	-110
5.625034013	-110
5.627936507	-110
5.630839002	-110
5.633741496	-110
5.636643990	-110
5.639546485	-110
5.642448979	-110
5.645351473	-110
5.648253968	-110
5.651156462	-110
5.654058956	-110
5.656961451	-110
5.659863945	-110
5.662766439	-110
5.665668934	-110
5.668571428	-110
5.671473922	-110
5.674376417	-110
5.677278911	-110
5.680181405	-110
5.683083900	-110
5.685986394	-110
5.688888888	-110
5.691791383	-110
5.694693877	-110
5.697596371	-110
5.700498866	-110
5.703401360	-110
5.706303854	-110
5.709206349	-110
5.712108843	-110
5.715011337	-110
5.717913832	-110
5.720816326	-110
5.723718820	-110
5.726621315	-110
5.729523809	-110
5.732426303	-110
5.735328798	-110
5.738231292	-110
5.741133786	-110
5.744036281	-110
5.746938775	-110
5.749841269	-110
5.752743764	-110
5.755646258	-110
5.758548752	-110
5.761451247	-110
5.764353741	-110
5.767256235	-110
5.770158730	-110
5.773061224	-110
5.775963718	-110
5.778866213	-110
5.781768707	-110
5.784671201	-110
5.787573696	-110
5.790476190	-110
5.793378684	-110
5.796281179	-110
5.799183673	-110
5.802086167	-110
5.804988662	-110
5.807891156	-110
5.810793650	-110
5.813696145	-110
5.816598639	-110
5.819501133	-110
5.822403628	-110
5.825306122	-110
5.828208616	-110
5.831111111	-110
5.834013605	-110
5.836916099	-110
5.839818594	-110
5.842721088	-110
5.845623582	-110
5.848526077	-110
5.851428571	-110
5.854331065	-110
5.857233560	-110
5.860136054	-110
5.863038548	-110
5.865941043	-110
5.868843537	-110
5.871746031	-110
5.874648526	-110
5.877551020	-110
5.880453514	-110
5.883356009	-110
5.886258503	-110
5.889160997	-110
5.892063492	-110
5.894965986	-110
5.897868480	-110
5.900770975	-110
5.903673469	-110
5.906575963	-110
5.909478458	-110
5.912380952	-110
5.915283446	-110
5.918185941	-110
5.921088435	-110
5.923990929	-110
5.926893424	-110
5.929795918	-110
5.932698412	-110
5.935600907	-110
5.938503401	-110
5.941405895	-110
5.944308390	-110
5.947210884	-110
5.950113378	-110
5.953015873	-110
5.955918367	-110
5.958820861	-110
5.961723356	-110
5.964625850	-110
5.967528344	-110
5.970430839	-110
5.973333333	-110
5.976235827	-110
5.979138321	-110
5.982040816	-110
5.984943310	-110
5.987845804	-110
5.990748299	-110
5.993650793	-110
5.996553287	-110
5.999455782	-110
6.002358276	-110
6.005260770	-110
6.008163265	-110
6.011065759	-110
6.013968253	-110
6.016870748	-110
6.019773242	-110
6.022675736	-110
6.025578231	-110
6.028480725	-110
6.031383219	-110
6.034285714	-110
6.037188208	-110
6.040090702	-110
6.042993197	-110
6.045895691	-110
6.048798185	-110
6.051700680	-110
6.054603174	-110
6.057505668	-110
6.060408163	-110
6.063310657	-110
6.066213151	-110
6.069115646	-110
6.072018140	-110
6.074920634	-110
6.077823129	-110
6.080725623	-110
6.083628117	-110
6.086530612	-110
6.089433106	-110
6.092335600	-110
6.095238095	-110
6.098140589	-110
6.101043083	-110
6.103945578	-110
6.106848072	-110
6.109750566	-110
6.112653061	-110
6.115555555	-110
6.118458049	-110
6.121360544	-110
6.124263038	-110
6.127165532	-110
6.130068027	-110
6.132970521	-110
6.135873015	-110
6.138775510	-110
6.141678004	-110
6.144580498	-110
6.147482993	-110
6.150385487	-110
6.153287981	-110
6.156190476	-110
6.159092970	-110
6.161995464	-110
6.164897959	-110
6.167800453	-110
6.170702947	-110
6.173605442	-110
6.176507936	-110
6.179410430	-110
6.182312925	-110
6.185215419	-110
6.188117913	-110
6.191020408	-110
6.193922902	-110
6.196825396	-110
6.199727891	-110
6.202630385	-110
6.205532879	-110
6.208435374	-110
6.211337868	-110
6.214240362	-110
6.217142857	-110
6.220045351	-110
6.222947845	-110
6.225850340	-110
6.228752834	-110
6.231655328	-110
6.234557823	-110
6.237460317	-110
6.240362811	-110
6.243265306	-110
6.246167800	-110
6.249070294	-110
6.251972789	-110
6.254875283	-110
6.257777777	-110
6.260680272	-110
6.263582766	-110
6.266485260	-110
6.269387755	-110
6.272290249	-110
6.275192743	-110
6.278095238	-110
6.280997732	-110
6.283900226	-110
6.286802721	-110
6.289705215	-110
6.292607709	-110
6.295510204	-110
6.298412698	-110
6.301315192	-110
6.304217687	-110
6.307120181	-110
6.310022675	-110
6.312925170	-110
6.315827664	-110
6.318730158	-110
6.321632653	-110
6.324535147	-110
6.327437641	-110
6.330340136	-110
6.333242630	-110
6.336145124	-110
6.339047619	-110
6.341950113	-110
6.344852607	-110
6.347755102	-110
6.350657596	-110
6.353560090	-110
6.356462585	-110
6.359365079	-110
6.362267573	-110
6.365170068	-110
6.368072562	-110
6.370975056	-110
6.373877551	-110
6.376780045	-110
6.379682539	-110
6.382585034	-110
6.385487528	-110
6.388390022	-110
6.391292517	-110
6.394195011	-110
6.397097505	-110
6.400000000	-110
6.402902494	-110
6.405804988	-110
6.408707482	-110
6.411609977	-110
6.414512471	-110
6.417414965	-110
6.420317460	-110
6.423219954	-110
6.426122448	-110
6.429024943	-110
6.431927437	-110
6.434829931	-110
6.437732426	-110
6.440634920	-110
6.443537414	-110
6.446439909	-110
6.449342403	-110
6.452244897	-110
6.455147392	-110
6.458049886	-110
6.460952380	-110
6.463854875	-110
6.466757369	-110
6.469659863	-110
6.472562358	-110
6.475464852	-110
6.478367346	-110
6.481269841	-110
6.484172335	-110
6.487074829	-110
6.489977324	-110
6.492879818	-110
6.495782312	-110
6.498684807	-110
6.501587301	-110
6.504489795	-110
6.507392290	-110
6.510294784	-110
6.513197278	-110
6.516099773	-110
6.519002267	-110
6.521904761	-110
6.524807256	-110
6.527709750	-110
6.530612244	-110
6.533514739	-110
6.536417233	-110
6.539319727	-110
6.542222222	-110
6.545124716	-110
6.548027210	-110
6.550929705	-110
6.553832199	-110
6.556734693	-110
6.559637188	-110
6.562539682	-110
6.565442176	-110
6.568344671	-110
6.571247165	-110
6.574149659	-110
6.577052154	-110
6.579954648	-110
6.582857142	-110
6.585759637	-110
6.588662131	-110
6.591564625	-110
6.594467120	-110
6.597369614	-110
6.600272108	-110
6.603174603	-110
6.606077097	-110
6.608979591	-110
6.611882086	-110
6.614784580	-110
6.617687074	-110
6.620589569	-110
6.623492063	-110
6.626394557	-110
6.629297052	-110
6.632199546	-110
6.635102040	-110
6.638004535	-110
6.640907029	-110
6.643809523	-110
6.646712018	-110
6.649614512	-110
6.652517006	-110
6.655419501	-110
6.658321995	-110
6.661224489	-110
6.664126984	-110
6.667029478	-110
6.669931972	-110
6.672834467	-110
6.675736961	-110
6.678639455	-110
6.681541950	-110
6.684444444	-110
6.687346938	-110
6.690249433	-110
6.693151927	-110
6.696054421	-110
6.698956916	-110
6.701859410	-110
6.704761904	-110
6.707664399	-110
6.710566893	-110
6.713469387	-110
6.716371882	-110
6.719274376	-110
6.722176870	-110
6.725079365	-110
6.727981859	-110
6.730884353	-110
6.733786848	-110
6.736689342	-110
6.739591836	-110
6.742494331	-110
6.745396825	-110
6.748299319	-110
6.751201814	-110
6.754104308	-110
6.757006802	-110
6.759909297	-110
6.762811791	-110
6.765714285	-110
6.768616780	-110
6.771519274	-110
6.774421768	-110
6.777324263	-110
6.780226757	-110
6.783129251	-110
6.786031746	-110
6.788934240	-110
6.791836734	-110
6.794739229	-110
6.797641723	-110
6.800544217	-110
6.803446712	-110
6.806349206	-110
6.809251700	-110
6.812154195	-110
6.815056689	-110
6.817959183	-110
6.820861678	-110
6.823764172	-110
6.826666666	-110
6.829569160	-110
6.832471655	-110
6.835374149	-110
6.838276643	-110
6.841179138	-110
6.844081632	-110
6.846984126	-110
6.849886621	-110
6.852789115	-110
6.855691609	-110
6.858594104	-110
6.861496598	-110
6.864399092	-110
6.867301587	-110
6.870204081	-110
6.873106575	-110
6.876009070	-110
6.878911564	-110
6.881814058	-110
6.884716553	-110
6.887619047	-110
6.890521541	-110
6.893424036	-110
6.896326530	-110
6.899229024	-110
6.902131519	-110
6.905034013	-110
6.907936507	-110
6.910839002	-110
6.913741496	-110
6.916643990	-110
6.919546485	-110
6.922448979	-110
6.925351473	-110
6.928253968	-110
6.931156462	-110
6.934058956	-110
6.936961451	-110
6.939863945	-110
6.942766439	-110
6.945668934	-110
6.948571428	-110
6.951473922	-110
6.954376417	-110
6.957278911	-110
6.960181405	-110
6.963083900	-110
6.965986394	-110
6.968888888	-110
6.971791383	-110
6.974693877	-110
6.977596371	-110
6.980498866	-110
6.983401360	-110
6.986303854	-110
6.989206349	-110
6.992108843	-110
6.995011337	-110
6.997913832	-110
7.000816326	-110
7.003718820	-110
7.006621315	-110
7.009523809	-110
7.012426303	-110
7.015328798	-110
7.018231292	-110
7.021133786	-110
7.024036281	-110
7.026938775	-110
7.029841269	-110
7.032743764	-110
7.035646258	-110
7.038548752	-110
7.041451247	-110
7.044353741	-110
7.047256235	-110
7.050158730	-110
7.053061224	-110
7.055963718	-110
7.058866213	-110
7.061768707	-110
7.064671201	-110
7.067573696	-110
7.070476190	-110
7.073378684	-110
7.076281179	-110
7.079183673	-110
7.082086167	-110
7.084988662	-110
7.087891156	-110
7.090793650	-110
7.093696145	-110
7.096598639	-110
7.099501133	-110
7.102403628	-110
7.105306122	-110
7.108208616	-110
7.111111111	-110
7.114013605	-110
7.116916099	-110
7.119818594	-110
7.122721088	-110
7.125623582	-110
7.128526077	-110
7.131428571	-110
7.134331065	-110
7.137233560	-110
7.140136054	-110
7.143038548	-110
7.145941043	-110
7.148843537	-110
7.151746031	-110
7.154648526	-110
7.157551020	-110
7.160453514	-110
7.163356009	-110
7.166258503	-110
7.169160997	-110
7.172063492	-110
7.174965986	-110
7.177868480	-110
7.180770975	-110
7.183673469	-110
7.186575963	-110
7.189478458	-110
7.192380952	-110
7.195283446	-110
7.198185941	-110
7.201088435	-110
7.203990929	-110
7.206893424	-110
7.209795918	-110
7.212698412	-110
7.215600907	-110
7.218503401	-110
7.221405895	-110
7.224308390	-110
7.227210884	-110
7.230113378	-110
7.233015873	-110
7.235918367	-110
7.238820861	-110
7.241723356	-110
7.244625850	-110
7.247528344	-110
7.250430839	-110
7.253333333	-110
7.256235827	-110
7.259138321	-110
7.262040816	-110
7.264943310	-110
7.267845804	-110
7.270748299	-110
7.273650793	-110
7.276553287	-110
7.279455782	-110
7.282358276	-110
7.285260770	-110
7.288163265	-110
7.291065759	-110
7.293968253	-110
7.296870748	-110
7.299773242	-110
7.302675736	-110
7.305578231	-110
7.308480725	-110
7.311383219	-110
7.314285714	-110
7.317188208	-110
7.320090702	-110
